Division des tiles en 9 zones
#tile 0
0 1
1 1
2 1
3 2
4 2
5 1
6 1
7 2
8 1
#tile 1
0 1
1 3
2 1
3 1
4 1
5 2
6 1
7 2
8 1
#tile 2
0 3
1 3
2 1
3 3
4 1
5 2
6 1
7 2
8 1
#tile 3
0 3
1 3
2 3
3 3
4 3
5 3
6 1
7 2
8 1
#tile 4
0 3
1 3
2 3
3 3
4 3
5 3
6 1
7 1
8 1
#tile 5
0 3
1 3
2 1
3 3
4 1
5 2
6 1
7 2
8 1
#tile 6
0 1
1 3
2 1
3 2
4 5
5 2
6 1
7 2
8 1
#tile 7
0 1
1 2
2 1
3 1
4 2
5 1
6 1
7 2
8 1
#tile 8
0 1
1 1
2 1
3 2
4 5
5 2
6 1
7 2
8 1
#tile 9
0 1
1 3
2 1
3 1
4 1
5 1
6 1
7 1
8 1
#tile 10
0 1
1 3
2 1
3 1
4 1
5 3
6 1
7 1
8 1
#tile 11
0 3
1 3
2 3
3 3
4 3
5 3
6 1
7 1
8 1
#tile 12
0 1
1 1
2 1
3 1
4 4
5 1
6 1
7 1
8 1
#tile 13
0 1
1 1
2 1
3 1
4 4
5 1
6 1
7 2
8 1
#tile 14
0 3
1 3
2 1
3 3
4 1
5 1
6 1
7 1
8 1
#tile 15
0 1
1 1
2 1
3 3
4 3
5 3
6 1
7 1
8 1
#tile 16
0 1
1 3
2 1
3 2
4 2
5 2
6 1
7 1
8 1
#tile 17
0 1
1 3
2 1
3 2
4 1
5 1
6 1
7 2
8 1
#tile 18
0 1
1 1
2 1
3 3
4 3
5 3
6 1
7 1
8 1
#tile 19
0 3
1 3
2 3
3 3
4 3
5 3
6 1
7 2
8 1
#tile 20
0 3
1 3
2 3
3 3
4 3
5 3
6 3
7 3
8 3
#tile 21
0 1
1 2
2 1
3 2
4 5
5 2
6 1
7 2
8 1
#tile 22
0 3
1 3
2 1
3 3
4 1
5 1
6 1
7 1
8 1
#tile 23
0 1
1 1
2 1
3 3
4 1
5 3
6 1
7 1
8 1
#fin